#' Complete list of palettes.
#'
#' Use \code{names(RSSPalettes)} to return all palette names.
#'
#' @export
RSSPalettes <- list(
  signif_seq = list(
    c(
      "#163B13", "#20551B", "#2A7024",
      "#348A2C", "#3FA535", "#5DB355",
      "#7CC175", "#9BD095", "#B9DEB6"
    ),
    c(1, 2, 3, 4, 5, 6, 7, 8, 9),
    "seq"
  ),
  signif_seq_red = list(
    c(
      "#520906", "#760E09", "#9B120C",
      "#BF160F", "#E41B12", "#E83F37",
      "#EC635D", "#F08883", "#F5ACA9"
    ),
    c(1, 2, 3, 4, 5, 6, 7, 8, 9),
    "seq"
  ),
  signif_seq_yellow = list(
    c(
      "#574500", "#7E6400", "#A58300",
      "#CCA200", "#F4C100", "#F5CA28",
      "#F7D451", "#F9DE7A", "#FBE8A3"
    ),
    c(1, 2, 3, 4, 5, 6, 7, 8, 9),
    "seq"
  ),
  signif_seq_blue = list(
    c(
      "#001F27", "#003E4E", "#005D75",
      "#007C9C", "#009CC4", "#32AFCF",
      "#66C3DB", "#99D7E7", "#CCEBF3"
    ),
    c(1, 2, 3, 4, 5, 6, 7, 8, 9),
    "seq"
  ),
  signif_seq_orange = list(
    c(
      "#562D00", "#7C4100", "#A35400",
      "#C96900", "#F07D00", "#F29128",
      "#F4A651", "#F7BB7A", "#F9D0A3"
    ),
    c(1, 2, 3, 4, 5, 6, 7, 8, 9),
    "seq"
  ),
  signif_seq_green = list(
    c(
      "#163B13", "#20551B", "#2A7024",
      "#348A2C", "#3FA535", "#5DB355",
      "#7CC175", "#9BD095", "#B9DEB6"
    ),
    c(1, 2, 3, 4, 5, 6, 7, 8, 9),
    "seq"
  ),
  signif_div = list(
    c(
      "#E41B12", "#EB5751", "#F29490",
      "#F9D1CF", "#FFFFFF", "#CCEBF3",
      "#88D0E3", "#43B6D3", "#009CC4"
    ),
    c(1, 2, 3, 4, 5, 6, 7, 8, 9),
    "div"
  ),
  signif_qual = list(
    c(
      "#3fa535", "#f4c100", "#009cc4",
      "#f07d00"
    ),
    c(1, 2, 3, 4),
    "qual"
  ),
  signif_qual2 = list(
    c(
      "#3fa535", "#20551B", "#F9DE7A",
      "#f4c100", "#009cc4", "#003E4E",
      "#F7BB7A", "#f07d00"
    ),
    c(1, 2, 3, 4, 5, 6, 7, 8),
    "qual"
  )
)

#' Significance red hex colour
#' @export
signif_red <- "#e41b12"

#' Significance yellow hex colour
#' @export
signif_yellow <- "#f4c100"

#' Significance blue hex colour
#' @export
signif_blue <- "#009cc4"

#' Significance orange hex colour
#' @export
signif_orange <- "#f07d00"

#' Significance green hex colour
#' @export
signif_green <- "#3fa535"
